                 Open       High        Low      Close  Volume  Dividends  Stock Splits
Date                                                                                   
2023-02-14  20.719999  20.750000  18.480000  18.910000       0        0.0           0.0
2023-02-15  19.370001  19.410000  18.110001  18.230000       0        0.0           0.0
2023-02-16  18.260000  20.270000  18.230000  20.170000       0        0.0           0.0
2023-02-17  20.940001  21.299999  19.820000  20.020000       0        0.0           0.0
2023-02-21  21.799999  23.340000  21.799999  22.870001       0        0.0           0.0
...               ...        ...        ...        ...     ...        ...           ...
2025-12-19  16.309999  16.530001  14.910000  14.910000       0        0.0           0.0
2025-12-22  15.160000  15.260000  14.030000  14.080000       0        0.0           0.0
2025-12-23  14.090000  14.450000  13.640000  14.000000       0        0.0           0.0
2025-12-24  14.090000  14.160000  13.380000  13.470000       0        0.0           0.0
2025-12-26  14.120000  14.290000  13.520000  13.600000       0        0.0           0.0

[720 rows x 7 columns]